[ 0.71 -0.09  0.21 -0.71  0.49 -0.65 -0.54 -0.55  0.58 -0.84  0.75 -0.3
  0.55  0.51 -0.69 -1.    0.66  0.06 -0.62 -0.55]
[ 0.77 -0.88 -0.57 -0.5   0.18 -0.71 -0.24 -0.38 -0.3   0.13 -0.6  -0.45
 -0.21 -0.82  0.04 -0.82  0.34  0.45  0.31 -0.18]
[ 0.16 -0.04 -0.33  0.87  0.11  0.78 -0.17  0.74 -0.88 -0.76  0.37  0.68
 -0.5  -0.73 -0.64 -0.97  0.76 -0.84 -0.09  0.31]
[ 0.05  0.23 -0.36 -0.09  0.22  0.57  0.88 -0.84  0.15  0.17 -0.76 -0.1
  0.45  0.35  0.59 -0.71  0.7  -0.57  0.02 -0.88]
[ 0.95 -0.09  0.63 -0.81  0.48  0.23 -0.58  0.08  0.28  0.51  0.34  0.44
  0.18 -0.09  0.07  0.99 -0.07 -0.15  0.16 -0.97]
[-0.01  0.07 -0.22 -0.22  0.29 -0.28  0.81  0.41 -0.21 -0.11  0.19 -0.62
 -0.72 -0.89  0.19  0.24  0.8   0.92 -0.14 -0.04]
[-0.86 -0.62 -0.99  0.27  0.85  0.46 -0.24 -0.34 -0.03  0.52  0.34 -0.51
  0.87 -0.34 -0.71 -0.72  0.66  0.24 -0.59  0.95]
[ 0.46  0.26  0.83 -0.87 -0.67 -0.24  0.22 -0.71 -0.26  0.36  0.64  0.28
  0.32  0.21 -0.09  0.76 -0.29  0.62  0.83  0.23]
[-0.07  0.64 -0.53  0.08  0.14 -0.51  0.91  0.63  0.82  0.3  -0.89 -0.83
  0.87  0.86 -0.07 -0.96 -0.25  0.92 -0.39 -0.23]
[ 0.83  0.65 -0.75 -0.22  0.67 -0.46  0.17  0.05 -0.98  0.9  -0.25 -0.35
 -0.38  0.87 -0.75  0.19 -0.21 -0.2  -0.95  0.1 ]
[ 0.82  0.69 -0.74  0.18 -0.18  0.4  -0.79 -0.21  0.56 -0.39  0.78  0.87
  0.14 -0.23  0.59  0.16 -0.02  0.65 -0.58  0.17]
[-0.28  0.67  0.09  1.   -0.17 -0.66 -0.54  0.19  0.39  0.08 -0.9   0.28
  0.93  0.89 -0.95  0.8   0.64  0.07 -0.82  0.6 ]
[-0.18 -0.14 -0.59 -0.21  0.73  0.76  0.2   0.31 -0.7   0.32  0.14  0.44
  0.7   0.26 -0.15  0.92  0.02 -0.13 -0.07  0.94]
[-0.19 -0.07  0.67  0.45  0.38 -0.12  0.45  0.24 -0.52  0.03 -0.23 -0.96
  0.17  0.73 -0.32  0.43  0.9   0.98 -0.24  0.73]
[-0.3  -0.26 -0.21  0.96 -0.4  -0.87  0.61  0.01  0.51  0.97  0.83  0.77
 -0.82  0.75  0.75 -0.42  0.12 -0.28  0.21 -0.48]
[ 0.65 -0.96 -0.11  0.85 -0.32  0.54 -0.49 -0.29  0.68 -0.66 -0.71 -0.02
  0.98 -0.81 -0.04  0.02 -0.78  0.04  0.36 -0.61]
[ 0.34 -0.52 -0.93  0.32  0.37 -0.66  0.11 -0.52  0.7   0.58  0.17  0.41
  0.22 -0.73  0.94 -0.66 -0.7  -0.21  0.31 -0.81]
[ 0.97 -0.16 -0.12 -0.22  0.1   0.09  0.65 -0.14 -0.04  0.51  0.85  0.42
 -0.83 -0.24 -0.74  0.72  0.84  0.63  0.27 -0.32]
[ 0.83  0.47  0.29 -0.6   0.29 -0.47 -0.05  0.11 -0.3  -0.29  0.37  0.08
 -0.44  0.24  0.92 -0.6   0.81  0.66 -0.89  0.23]
[ 0.24 -0.85 -0.34  0.32  0.19 -0.59 -0.04  0.21  0.8  -0.06  0.07  0.25
 -0.08 -0.22 -0.19 -0.93 -0.15  0.36  0.59 -0.6 ]
[-0.98 -0.77  0.85  0.36 -0.23  0.27  0.94 -0.89  0.51  0.28  0.09 -0.65
 -0.94 -0.86  0.74 -0.74  1.    0.26  0.2   0.39]
[-0.13  0.36  0.08  0.98  0.53  0.95  0.78 -0.53 -0.3   0.38 -1.   -0.91
  0.49 -0.08  0.56 -0.3   0.45  0.12 -0.72 -0.96]
[-0.76  0.86  0.16  0.37  0.27  0.62  0.98 -0.7   0.35  0.34  0.63 -0.59
 -0.29 -0.67  0.81  0.92 -0.67 -0.68 -0.59  0.5 ]
[-0.85 -0.32  0.03  0.46  0.72  0.03  0.21 -0.63  0.64 -0.24 -0.06 -0.51
 -0.29 -0.91 -0.03  0.95  0.88  0.99 -0.59  0.08]
[ 0.99  0.95  0.11 -0.26  0.22 -0.27  0.8   0.95  0.59 -0.37  0.29 -0.53
 -0.23  0.76 -0.86 -0.02 -0.75  0.93  0.89 -0.79]
[ 0.4  -0.52 -0.9  -0.41 -0.5  -0.08 -0.77  0.8  -0.88  0.45 -0.97  0.05
  0.22  0.02  0.31  0.14  0.41 -0.04  0.84 -0.63]
[-0.98  0.35 -0.8  -0.94  0.78 -0.3   0.78 -0.27  0.71 -0.26  0.8   0.71
  0.27  0.2  -0.53  0.94  0.28 -0.75 -0.76  0.43]
[-0.57  0.25  0.74 -0.56  0.65 -0.52 -0.01  0.49  0.99  0.79 -0.89  0.75
 -0.08 -0.35 -0.81  0.1   0.96  0.19  0.03  0.6 ]
[-0.38  0.54 -0.81 -0.02 -0.39 -0.06 -0.85  0.4   0.99 -0.38  0.21  0.2
  0.19 -0.42  0.45 -0.15 -0.25  0.88  0.49  0.33]
[ 0.47  0.14 -0.33  0.96  0.22 -0.29 -0.1  -0.54 -0.46  0.11  0.25  0.36
 -0.   -0.54 -0.14  0.44  0.38  0.07  0.31 -0.24]
[-0.01 -0.55  0.53  0.51  0.11 -0.13  0.79 -0.33  0.63 -0.36  0.32  0.12
 -0.95  0.75 -0.7   0.32  0.63  0.39 -0.08  0.2 ]
[ 0.67 -0.87  0.06 -0.51 -0.61 -0.36 -0.92 -0.57  0.73 -0.14  0.11  0.98
  0.69 -0.21 -0.87  0.62  0.73  0.05 -0.16 -0.47]
[-0.66 -0.26  0.76  0.3   0.94 -0.65 -0.39 -0.46 -0.81 -0.17  0.39  0.98
  0.77  0.31  0.44 -0.63  0.44  0.99 -0.82 -0.16]
[-0.6  -0.03 -0.22  0.51  0.31  0.61 -0.88 -0.4  -0.65 -0.7   0.23  0.62
  0.35 -0.35  0.55  0.49 -0.96  0.87 -0.86 -0.36]
[ 0.19  0.27 -0.99 -0.24  0.54  0.12  0.62 -0.92 -0.75  0.14  0.2   0.27
  0.87  0.99  0.38 -0.97 -0.39 -0.7   0.47 -0.26]
[-0.    0.1  -0.3   0.83 -0.46  0.13 -0.93  0.34 -0.02 -0.73  0.28 -0.21
  0.11 -0.56 -0.8  -0.34  0.75  0.03 -0.22  0.17]
[-0.74 -0.47 -0.56  0.66 -0.96 -0.59  0.27  0.7  -0.76 -0.04  0.14  0.12
 -0.02 -0.39 -0.73 -0.13  0.15 -0.59 -0.89 -0.07]
[ 0.36  0.38  0.28  0.79  0.43 -0.93 -0.43  0.52  0.54 -0.76  0.85  0.11
  0.35 -0.87  0.68  0.14  0.89  0.74  0.79 -0.22]
[ 0.7  -0.2   0.57  0.59 -0.46  0.05  0.09 -0.38  0.93 -0.04 -0.73  0.55
  0.1   0.42 -0.04  0.63  0.23  0.56  0.48  0.66]
[ 0.29 -0.6   0.6  -0.94 -0.3  -0.09 -0.55  0.66  0.91  0.59  0.64  0.65
  0.68 -0.85 -0.68  0.61  0.73  0.76  0.57  0.16]
[-0.24  0.86  0.36  0.15  0.97  0.99  0.97 -0.32 -0.76 -0.63 -0.39 -0.24
 -0.16  1.    0.85 -0.09  0.13  0.6  -0.53  0.28]
[-0.87  0.62 -0.53 -0.65  0.25  0.93  0.11 -0.29  0.98  0.57 -0.09 -0.39
 -0.17 -0.92  0.47 -0.42 -0.   -0.72 -0.05  0.77]
[ 0.62  0.75  0.96 -0.14  0.08  0.36  0.69  0.06 -0.91 -0.11  0.98 -0.26
  0.12 -0.54 -0.46 -0.88 -0.45 -0.58 -0.19  0.47]
[ 0.59  0.57 -0.53  0.31 -0.32 -0.4  -0.01  0.09 -0.18  0.64 -0.46  0.41
 -0.53 -0.57 -0.47 -0.    0.4  -0.22  0.29 -0.3 ]
[ 0.74 -0.06  0.95  0.39 -0.28 -0.71 -0.16  0.86  0.75 -0.09 -0.17  0.48
 -0.58 -0.61  0.39 -0.58  0.29  0.21 -0.63  0.26]
[ 0.68 -0.08  0.03  0.63 -0.24 -0.05 -0.87 -0.21  0.53 -0.64  0.97 -0.13
 -0.   -0.02 -0.07 -0.21  0.12  0.22 -0.4   0.7 ]
[-0.86 -0.9   0.04 -0.15 -0.61 -0.8   0.86 -0.5   0.2   0.42 -0.93 -0.73
 -0.2  -0.97 -0.32 -0.17  1.   -0.52 -0.08  0.59]
[ 0.05  0.15 -0.92  0.14  0.13  0.04  0.01 -0.35 -0.88  0.64 -0.91 -0.26
  0.49 -0.35  0.94  0.69  0.8  -0.2   0.72 -0.49]
[-0.01  0.39  0.35 -0.88 -0.7   0.77  0.08  0.58  0.69  0.75 -0.62 -0.61
  0.77  0.46 -0.16 -0.42 -0.49  0.48 -0.75  0.9 ]
[ 0.42 -0.73 -0.39  0.91 -0.25 -0.16  0.22  0.14  0.94 -0.76  0.71 -0.61
 -0.62  0.96  0.16 -0.4  -0.03  0.29 -0.56  0.09]
[ 0.65 -0.77 -0.63 -0.15  0.79 -0.22  0.92 -0.35 -0.08 -0.35 -0.96 -0.93
 -0.37 -0.67 -0.88  0.46 -0.35  0.96 -0.8   0.7 ]
[-0.89  0.79  0.73  0.07 -0.81  0.63 -0.87  0.24  0.2  -1.    0.38  0.82
 -0.99 -0.18 -0.39 -0.23 -0.46  0.25  0.58 -0.56]
[ 0.99  0.15  0.8  -0.03 -0.71  0.4  -0.3   0.54 -0.04  0.52 -0.05 -0.33
 -0.92 -0.76 -0.04 -0.43  0.69  0.79  0.03  0.98]
[ 0.36 -0.14 -0.37  0.45 -0.38 -0.51  0.79 -0.29 -0.18 -0.36 -0.03  0.47
  0.47 -0.84  0.89 -0.03 -0.37 -0.54  0.18  0.85]
[-0.78  0.59  0.28  0.79 -0.29  0.25 -0.18 -0.53  0.88 -0.84 -0.6  -0.22
  0.89 -0.9   0.52 -0.78 -0.43 -0.79 -0.41  0.71]
[-0.92  0.75  0.    0.84  0.17  0.44  0.5   0.68  0.21 -0.89  0.48 -0.73
  0.68  0.24  0.04  0.12  0.6  -0.24  0.48 -0.98]
[ 0.04  0.75  0.94 -0.14  0.2   0.81  0.26 -0.53  0.29 -0.03  0.93  0.13
 -0.95 -0.01  0.46 -0.51 -0.37 -0.    0.49 -0.26]
[-0.21  0.85 -0.85 -0.92 -0.35 -0.88  0.11 -0.52  0.8   0.19 -0.67  0.64
  0.77  0.15  0.12 -0.96  0.43 -0.17 -0.75  0.94]
[-0.23 -0.67  0.69  0.38  0.96  0.94 -0.56 -0.66  0.42  0.78 -0.89  0.07
 -0.69 -0.61 -0.41 -0.62 -0.41 -0.76  0.79  0.83]
[ 0.93 -0.64 -0.73  0.67 -0.62  0.47 -0.84  0.23  0.04 -0.37 -0.81  0.96
 -0.13  0.22 -1.    0.11  0.24 -1.    0.45 -0.59]
[-0.92 -0.12 -0.86  0.98  0.27 -0.69  0.83  0.3  -0.41 -0.4   0.06 -0.69
  0.9  -0.71 -0.46  0.4  -0.86 -0.16  0.48  0.48]
[ 0.1  -0.24 -0.44  0.94  0.1   0.56 -0.52 -0.63 -0.87 -0.28 -0.69  0.25
 -0.77 -0.07 -0.65 -0.1   0.13 -0.13 -0.83  0.06]
[ 0.15  0.48  0.26  0.08  0.04  0.66  0.96 -0.12 -0.45  0.94  0.04 -0.63
 -0.75 -0.92 -0.62  0.02  0.55 -0.49  0.96 -0.7 ]
[ 0.75  0.73 -0.49 -0.85  0.87 -0.4   0.14  0.51  0.01  0.72 -0.58 -0.71
  0.33  0.19  0.74  0.72  0.57 -0.85 -0.85 -0.19]
[ 0.96  0.68 -0.23  0.22 -0.71  0.38 -0.45 -0.95 -0.22  0.32  0.53 -0.12
 -0.97 -0.19  0.54 -0.48 -0.48  0.18  0.27  0.84]
[-0.22 -0.36 -0.27  0.23 -0.96  0.19  0.88 -0.71  0.14  0.84  0.48 -0.82
  0.83 -0.39 -0.51 -0.7   0.33  0.19  0.5   0.94]
[-0.63 -0.12  0.31 -0.09 -0.44 -0.2   0.3  -0.42  0.65  0.53 -0.37 -0.06
 -0.15  0.45 -0.03  0.58 -0.75  0.41 -0.67  0.02]
[-0.96  0.35  0.83  0.58 -0.47 -0.55  0.6  -0.85  0.14  0.84 -0.83 -0.22
 -0.67  0.11 -0.72 -0.38  0.57  0.6  -0.96  0.72]
[ 0.45  0.81  0.08  0.27 -0.71 -0.99 -0.9  -0.67  0.4  -0.01  0.78  0.03
  0.66 -0.24  0.58  0.73 -0.33 -0.09 -0.7   0.14]
[-0.27 -0.6  -0.21 -0.33  0.31 -0.05 -0.14  0.14 -0.42  0.79  0.26 -0.2
  0.4  -0.49 -0.4   0.74  0.83  0.44 -0.55  0.47]
[ 0.62  0.85 -0.33  0.68 -0.63 -0.8  -0.24  0.41 -0.15  0.75 -0.11 -0.1
 -0.2  -0.8  -0.77  0.3   0.59 -0.81  0.5   0.47]
[ 0.43 -0.43 -0.55 -0.77 -0.27  0.64  0.06  0.81  0.42  0.45  0.12  0.77
  0.7  -0.42 -0.38 -0.13 -0.02  0.53  0.66  0.9 ]
[-0.97  0.62 -0.47 -0.17 -0.26  0.62  0.28  0.7  -0.26  0.48 -0.37 -0.73
  0.06 -0.65 -0.77  0.66 -0.23  0.53  0.36  0.45]
[-0.55 -0.66 -0.66  0.42  0.43  0.23 -0.    0.67 -0.1  -0.13 -0.71  0.07
 -0.48  0.71 -0.83 -0.01  0.25  0.52  0.12 -0.24]
[-0.83  0.53  0.59 -0.87 -0.25  0.74  0.87  0.71 -0.16 -0.74 -0.04  0.99
  0.61  0.96  0.35  0.43  0.45 -0.36  0.4  -0.88]
[ 0.62  0.23  0.14  0.29  0.64 -0.62  0.97  0.48  0.19 -0.55 -0.62 -0.49
 -0.88  0.33  0.82 -0.08 -0.91  0.52 -0.67  0.09]
[ 0.61 -0.06  0.07 -0.85  0.61  0.7   0.5   0.67  0.53 -0.52  0.53  0.74
 -0.58 -0.22 -0.53  0.33 -0.83  0.54 -0.98  0.22]
[ 0.15  0.49 -0.14 -0.41  0.47  0.08  0.64  0.07 -0.33 -0.44  0.29 -0.02
 -0.34  0.69 -0.95 -0.08  0.09 -0.39  0.64 -0.43]
[ 0.01  0.4   0.65  0.36 -0.09  0.45  0.9  -0.89  0.55  0.54  0.76  0.65
  0.99 -0.91  0.95  0.29  0.88  0.19  0.45 -0.71]
[ 0.55 -0.23 -0.39  0.48  0.93  0.05  0.52  0.02  0.52 -0.18 -0.41 -0.61
 -0.42 -0.34  0.56 -0.19  0.97 -0.74  0.1  -0.44]
[-0.5   0.74 -0.86 -0.4  -0.92 -0.47 -0.58 -0.02 -0.13  0.7   0.09 -0.2
 -0.52  0.32  0.01  0.48  0.16 -0.12  0.13 -0.51]
[ 0.09  0.96  0.68  0.27  0.58 -0.21  0.14  0.59  0.1  -0.8   0.07 -0.85
  0.93 -0.96 -0.88 -0.07 -0.95 -0.42  0.47  0.95]
[ 0.8  -0.79 -0.33 -0.28  0.54 -0.96 -0.42 -0.42  0.91  0.35 -0.89 -0.56
 -0.68 -0.94  0.3   0.75 -0.13 -0.17 -0.66  0.28]
[-0.35 -0.02  0.51  0.8  -0.79  0.26  0.13 -0.81  0.15  0.14 -0.28  0.68
  0.03  0.47 -0.81  0.11 -0.25 -0.07 -0.47  0.33]
[-0.24  0.61 -0.21  0.87  0.88 -0.02  0.55 -0.14 -0.08 -0.69  0.45 -0.44
  0.42  0.86 -0.47 -0.81 -0.89  0.18 -0.76  0.57]
[ 0.92  0.96 -0.44  0.06  0.22 -0.39  0.6  -0.77 -0.93  0.38  0.92 -0.46
 -0.79  0.98  0.93  0.67  0.54 -0.58 -0.86 -0.63]
[-0.45 -0.09 -0.02  0.85 -0.87  0.89  0.83  0.09  0.91  0.99  0.4   0.39
  0.69  0.61 -0.55  0.6   0.52  0.29  0.46 -0.98]
[-0.61 -0.67 -0.5   0.01  0.79 -0.86 -0.88 -0.91  0.33 -0.33  0.69  0.51
  0.24  0.41  0.37  0.63  0.24  0.52  0.48 -0.8 ]
[ 0.6   0.63  0.59  0.44 -0.67 -0.45 -0.69 -0.81  0.49  0.17  0.14  0.01
  0.56  0.68  0.42  0.06  0.66 -0.54 -0.99  0.06]
[ 0.47  0.55  0.53  0.83 -0.52  0.73 -0.54 -0.13 -0.99 -0.88  0.42 -0.1
  0.45  0.36 -0.39 -0.11  0.49 -0.11 -0.4  -0.51]
[-0.98  0.61 -0.6   0.28  0.06 -0.45  0.72 -0.53 -0.24 -0.18 -0.42  0.57
 -0.37  0.6  -0.87 -0.45 -0.61  0.94 -0.88  0.27]
[-0.67 -0.88  0.97 -0.93 -0.26  0.38 -0.59 -0.75 -0.81 -0.56 -0.11 -0.32
 -0.17  0.49  0.64  0.23  0.35 -0.88 -0.34  0.27]
[-0.7  -0.64 -0.23  0.51 -0.43  0.2   0.57 -0.05 -0.09 -0.52 -0.73  0.69
 -0.2  -0.92  0.11  0.44  0.76  0.49  0.2  -0.3 ]
[ 0.91  0.87 -0.36 -0.64  0.05 -0.65 -0.29  0.03 -0.79  1.   -0.6  -0.95
 -0.31 -0.33  0.02 -0.99 -0.46 -0.3   0.71  0.28]
[ 0.17 -0.45  0.3  -0.7  -0.78 -0.87  0.27 -0.86  0.37  0.32 -0.25 -0.7
  0.   -0.98  0.26 -0.45 -0.91 -0.22  0.2  -0.17]
[-0.13 -0.1  -0.39 -0.11  0.31 -0.82  0.22 -0.48  0.99 -0.38  0.38 -0.37
 -0.45 -0.2   0.12 -0.33  0.24  0.86 -0.39 -0.66]
[-0.16 -0.54  0.54 -0.6  -0.02  0.11 -0.68  0.53 -0.77  0.9  -0.1   0.25
 -0.73  0.58  0.92  0.5   0.58 -0.59 -0.39  0.19]
[ 0.57 -0.59  0.79  0.11 -0.02  0.74  0.41 -0.19  0.13  0.42 -0.49 -0.22
  0.3  -0.56  0.03 -0.9  -0.34  0.1  -0.46  0.94]
[ 0.57  0.15  0.2   0.78 -0.49  0.77  0.49 -0.73 -0.2   0.81 -0.82  0.31
  0.32 -0.18  0.88 -0.28  0.96  0.68  0.83  0.83]
[-0.66  0.24 -0.79  0.41  0.05  0.18  0.5  -0.28  0.36  0.13 -0.41  0.43
 -0.67 -0.97 -0.41  0.48 -0.59  0.03  0.4  -0.08]
[-0.88 -0.95 -0.14  0.23  0.35  0.71  0.27 -0.99  0.84 -0.19 -0.45  0.45
  0.35 -0.87 -0.61  0.73 -0.93 -0.18 -0.6  -0.52]
[ 0.    0.15  0.73 -0.18  0.75 -0.07 -0.24 -0.54 -0.79 -0.82  0.82  0.18
  0.03 -0.18  0.17 -0.81 -0.25 -0.13 -0.65  0.45]
[ 0.76 -0.41 -0.11  0.3  -0.57 -0.44  0.76 -0.16  0.55 -0.03  0.19  0.34
  0.43  0.85 -0.42 -0.02 -0.64  0.33  0.6   0.25]
[-0.7  -0.25 -0.64  0.76 -0.54  0.13 -0.93 -0.84 -0.84 -0.25 -0.87 -0.45
 -0.71 -0.72 -0.61 -0.51 -0.86 -0.94  0.1   0.53]
[-0.7   0.44  0.31 -0.34  0.15  0.41 -0.51  0.83 -0.05 -0.15 -0.37  0.84
  0.59  0.83  0.79  0.77  0.55 -0.57  0.9   0.72]
[-0.35 -0.83 -0.71  0.43  0.09  0.87 -0.28  0.59 -0.32  0.58 -0.13  0.25
  0.29  0.63  0.67  0.02 -0.85  0.87 -0.92 -0.17]
[ 0.31  0.5  -0.25  0.71 -0.53 -0.32 -0.87 -0.79 -0.98 -0.65  0.29 -0.65
 -0.44  0.26  0.95  0.59 -0.21 -0.74 -0.85 -0.95]
[ 0.27  0.69 -0.6   0.6  -0.59  0.36  0.97 -0.36 -0.91 -0.49 -0.91 -0.31
  0.49 -0.26  0.76 -0.51 -0.13 -0.86  0.48  0.25]
[-0.79 -0.33 -0.66 -0.14  0.12  0.84  0.03  0.18 -0.43 -0.31 -0.09  0.45
  0.65  0.51  0.79 -0.41 -0.61 -0.56  0.48  0.47]
[ 0.19  0.84  0.98 -0.27 -0.41 -0.27  0.55 -0.99 -0.35  0.72 -0.22 -0.2
  0.59  0.43 -0.69 -0.09  0.91 -0.58 -0.51  0.04]
[ 0.06  0.75  0.87  0.8   0.57  0.52  0.14  0.7   0.   -0.84  0.93 -0.49
  0.99 -0.2  -0.76 -0.69  0.23  0.89  0.12 -0.99]
[ 0.59 -0.84 -0.06  0.83 -0.6  -0.91 -0.17 -0.58 -0.77  0.91  0.04 -0.97
  0.46 -0.34 -0.36  0.85 -0.45  0.98  0.72  0.1 ]
[-0.93 -0.67  0.47 -0.09 -0.15  0.98  0.86  0.16 -0.29  0.01 -0.65 -0.56
 -0.91  0.09  0.43 -0.45 -0.66 -0.79  0.58  0.63]
[-0.79 -0.84 -0.1  -0.7  -0.91 -0.75 -0.96 -0.69  0.12  0.54 -0.78  0.44
 -0.91 -0.9   0.68 -0.41 -0.54 -0.48  0.16 -0.55]
[ 0.21 -0.64 -0.32 -0.43  0.63  0.92 -0.98 -0.09 -0.17 -0.03 -0.59 -0.57
 -0.25 -0.11 -0.1   0.33 -0.25  0.52 -0.51  0.87]
[-0.73 -0.18 -0.28 -0.86 -0.65  0.29 -0.06  0.38 -0.88 -0.45  0.34 -0.46
  0.73  0.9   0.89 -0.04  0.96 -0.03  0.14  0.28]
[ 0.36  0.65  0.96 -0.83  0.05  0.36 -0.7  -0.4   0.46 -0.22 -0.03 -0.86
 -0.87  0.62  0.49  1.    0.59  0.45 -0.81  0.52]
[ 0.07 -0.08  0.73 -0.93 -0.65 -0.32 -0.42 -0.32 -0.57 -0.04  0.99  0.68
 -0.13 -0.41  0.11  0.49 -0.19  0.61  0.8   0.13]
[ 0.51  0.93 -0.7  -1.   -0.95  0.66  0.64 -0.74 -0.74 -0.27  0.73 -0.34
  0.96  0.49  0.88 -0.05 -0.78  0.3   0.4   0.83]
[ 0.72 -0.63 -0.54 -0.37 -0.14  0.63  0.07 -0.66 -0.94  0.89 -0.65 -0.67
  0.04 -0.83  0.68 -0.83 -0.99  0.63  0.59  0.63]
