[ 0.81082057 -0.13569494  0.47952208 -0.77173672  0.54967973 -0.40661602
 -0.49811495 -0.60092973  0.60601074 -0.76192516  0.75636567 -0.31510787
  0.56740365  0.5833338  -0.55009759 -1.00259213  0.80615315  0.139668
 -0.70752604 -0.52833285]
[ 0.85760893 -0.89716635 -0.29159324 -0.57119478  0.18973083 -0.47379961
 -0.21217942 -0.41816726 -0.27265591  0.15399613 -0.60056431 -0.51122475
 -0.20046121 -0.7671584   0.18555448 -0.82125367  0.43468147  0.52376465
  0.23306863 -0.20540662]
[ 0.32244639 -0.1766725   0.00106804  0.79575037  0.02350393  0.98669582
 -0.25830874  0.61681118 -0.86083046 -0.75342139  0.32515575  0.62023215
 -0.66298917 -0.7023661  -0.60549581 -0.86068546  0.80805584 -0.7394957
 -0.11666074  0.34039562]
[ 0.21711285  0.01640043 -0.12328488 -0.12745581  0.17430524  0.75965975
  0.7821995  -0.88912879  0.11131073  0.18429937 -0.6263741  -0.12569552
  0.2398935   0.26587172  0.56111362 -0.45109077  0.72371749 -0.40917025
  0.03545631 -0.83033193]
[ 1.0109456  -0.29886997  0.73212971 -0.86817176  0.48733223  0.40236746
 -0.70016315  0.16530625  0.17742095  0.51712251  0.61746245  0.35969283
  0.10586309 -0.2616572   0.10217425  1.20813226 -0.05762668 -0.13849001
  0.24140321 -0.96618889]
[ 0.0439241  -0.11102686 -0.11557236 -0.26310651  0.44909852 -0.08219933
  0.68417033  0.44318239 -0.28345765 -0.11475853  0.60239969 -0.66805758
 -0.63327627 -0.93283659  0.24779163  0.49463585  0.84836989  0.83875074
 -0.07148227 -0.05094615]
[-0.78488313 -0.81084179 -0.85287815  0.30376082  1.0347069   0.69326987
 -0.32129998 -0.35022575 -0.1533931   0.51281765  0.71848549 -0.55835569
  0.96331334 -0.40377219 -0.61431695 -0.36351624  0.6693459   0.16332194
 -0.49831129  0.97461232]
[ 0.58832205  0.08784904  0.94760144 -0.83269727 -0.47068694  0.00256416
  0.10192412 -0.69900825 -0.40469271  0.34128     0.98857097  0.23231547
  0.3700523   0.15635794  0.00252543  1.16048446 -0.25317164  0.64463694
  0.93738818  0.27374146]
[ 0.07148104  0.51249399 -0.29389066 -0.02350559  0.12166677 -0.30360363
  0.77525366  0.60105536  0.75736411  0.22950208 -0.83733002 -0.90444203
  0.69676254  0.80302395 -0.08117419 -0.7781336  -0.19300694  1.01945153
 -0.37237578 -0.25482181]
[ 0.95183674  0.5111363  -0.4462689  -0.33485317  0.49067086 -0.28230883
  0.07418697  0.0771755  -0.98854473  0.90282448 -0.21458049 -0.39643426
 -0.43614644  0.8488754  -0.63981676  0.22478885 -0.14275174 -0.09933956
 -0.9765037   0.08306189]
[ 0.93098681  0.57860976 -0.42623165  0.11331434 -0.17322522  0.62760602
 -0.74364681 -0.23448788  0.53969579 -0.29830973  0.75025839  0.81357378
  0.14567988 -0.16397486  0.71306286  0.23862387  0.07203817  0.69163601
 -0.63957604  0.21601098]
[-0.14842731  0.59608306  0.39493644  1.00421954 -0.09800629 -0.41599694
 -0.47577212  0.13580843  0.40864738  0.15824086 -0.86298285  0.26783542
  0.95003473  0.9877593  -0.82143616  0.85867908  0.80205077  0.1505553
 -0.90753964  0.69267969]
[-0.12619271 -0.0265271  -0.56221405 -0.21475958  0.83004676  0.86499821
  0.35585119  0.25833363 -0.52797371  0.32942342  0.20194754  0.49600164
  0.54677977  0.28086832 -0.20432308  0.73329789  0.14718131 -0.12233415
 -0.30463052  0.9141018 ]
[-0.1997539   0.20796928  0.74506782  0.365659    0.52612279 -0.02067019
  0.6239192   0.21316588 -0.43331399 -0.04602308 -0.18313532 -0.97678298
  0.00969289  0.64818157 -0.3562045   0.17101059  0.84846214  0.89544498
 -0.43856152  0.73122126]
[-0.11833971 -0.19223023 -0.02571903  0.59170233 -0.25352393 -0.78012334
  0.54264765 -0.06165244  0.31048193  0.83827729  0.67764194  0.66554184
 -0.531261    0.68128713  0.90922945 -0.41568463 -0.18659397 -0.35603577
  0.19809882 -0.3745819 ]
[ 0.82161124 -1.00365263 -0.0539241   0.56248365 -0.11867496  0.58918626
 -0.56472895 -0.42037674  0.42148204 -0.82923043 -0.53088831 -0.09033127
  1.2343941  -0.77498549  0.07578144  0.02344239 -1.07295751 -0.05405045
  0.54254034 -0.562526  ]
[ 0.27380347 -0.67372851 -0.9485192   0.31412728  0.32100584 -0.64486811
  0.11325057 -0.36838338  0.65631683  0.66442022  0.32826834  0.48454754
 -0.03777775 -0.82588404  0.8748568  -0.39974268 -0.57238751 -0.05763455
  0.34347718 -0.80063545]
[ 0.79518586 -0.2691232  -0.32051317 -0.14476466  0.00238666  0.08619898
  0.68266906  0.11147244  0.27858863  0.71517862  0.82665813  0.59987906
 -1.2174584  -0.21111035 -0.87850471  0.74370296  1.11760928  0.74621344
  0.13889511 -0.37859983]
[ 0.77919386  0.36109629  0.17635183 -0.45876878  0.26129217 -0.35316071
 -0.13330283  0.30365705 -0.0677923  -0.11388851  0.37818653  0.16965055
 -0.88693113  0.26606406  0.73730023 -0.35965389  0.83278195  0.75275663
 -0.9212047   0.197151  ]
[ 0.46136193 -0.89987019 -0.24570451  0.27545168  0.25937601 -0.39655494
 -0.21873846  0.34782041  0.67307918  0.21380914  0.11329992  0.32338522
 -0.03858222 -0.27152487 -0.11745162 -0.37521501 -0.27930249  0.50649957
  0.69079528 -0.51256861]
[-0.84668886 -0.65496776  0.74840504  0.01288498 -0.16555386  0.33512168
  0.83069358 -1.02640279  0.2927709   0.35173756 -0.08806081 -0.72288743
 -0.70904632 -0.58846722  0.94107733 -0.57119412  0.74227435  0.13907895
  0.33555612  0.42992641]
[-0.18598899  0.31928805  0.12875625  0.71772295  0.63144093  0.96836313
  0.84094174 -0.49702872 -0.50638849  0.20585453 -1.07509888 -0.96945141
  0.29988747 -0.06602292  0.55866854 -0.36646648  0.34783305  0.05285877
 -0.74695674 -1.01747819]
[-0.76559414  0.91833046  0.28785709  0.4028603   0.27171032  0.70024858
  1.16315372 -0.74706302  0.46123287  0.23701852  0.6316038  -0.59588956
 -0.4663123  -0.68183497  0.6852632   0.76230681 -0.60790119 -0.74851323
 -0.81242755  0.52008561]
[-0.71235499 -0.20922879  0.1590994   0.488722    0.80770374  0.15859216
  0.37708179 -0.65720053  0.70709402 -0.21776462  0.07802302 -0.52831555
 -0.33008856 -0.90527664  0.01673625  0.88974687  1.02036287  1.00988414
 -0.74634899  0.20327191]
[ 1.06771252  0.92257535  0.1846755  -0.22942186  0.35030142 -0.16543676
  0.95048022  0.90215239  0.76789978 -0.32537526  0.43376546 -0.47367875
 -0.30996147  0.81268902 -0.90350787 -0.03696641 -0.61239259  0.92575539
  0.66154915 -0.76080304]
[ 0.38346989 -0.21053414 -0.90928462 -0.42951873 -0.34919441  0.00445154
 -0.56754296  0.79490737 -0.85088177  0.44684826 -0.94375237  0.03711638
  0.06554608 -0.07250152  0.28399665 -0.05999075  0.36414008 -0.13294353
  0.59297588 -0.63152853]
[-0.9863714   0.39994475 -0.58815584 -1.20242006  0.86579763 -0.17478685
  0.80503249 -0.29367183  0.39979343 -0.39486493  0.57708145  0.52425487
  0.39747489  0.09852058 -0.23876254  0.92997252 -0.03792071 -0.90036492
 -0.65268536  0.45348344]
[-0.46440694  0.27121107  0.65188533 -0.7816312   0.75704847 -0.48981036
 -0.07019806  0.2538031   0.75552169  0.62407933 -1.06502989  0.64509577
  0.35999514 -0.16488631 -0.49706097  0.14939586  0.70444179  0.20139027
  0.23182178  0.64951103]
[-0.43785164  0.61203215 -1.00920049 -0.21466934 -0.53986888 -0.0783516
 -0.80728438  0.11657406  1.11862153 -0.29440366 -0.00817693  0.2934514
  0.24602468 -0.21430534  0.39763919 -0.23336447 -0.05063773  0.98528638
  0.37860401  0.17761749]
[ 0.28773333  0.06756829 -0.44258502  1.00093539  0.10098134 -0.25977667
 -0.02119641 -0.28666253 -0.11155724  0.07104245  0.2249986   0.46452092
 -0.35282869 -0.5791158  -0.33666006  0.36167523  0.77169334  0.14869761
  0.09312414 -0.31826744]
[ 0.14511147 -0.57821394  0.53625659  0.68069563  0.03043841 -0.07632364
  0.60843642 -0.1890904   0.90308546 -0.25681428  0.50868015  0.1582938
 -1.18390088  0.69818124 -0.8231547   0.21178906  0.82427116  0.4970348
 -0.1713347   0.16651868]
[ 0.85256877 -0.83498008  0.53203314 -0.43164334 -0.43107088 -0.19407426
 -1.1540973  -0.74921344  0.64544901 -0.03090702  0.39159859  0.98104427
  0.66224874 -0.39231927 -0.97250703  0.74446539  0.50372204  0.2918494
 -0.1229038  -0.32746068]
[-0.78828934 -0.22368374  0.83037567 -0.06431511  0.96298383 -0.4986129
 -0.26112241 -0.48452228 -1.13321489 -0.24224602  0.11852192  0.83801804
  0.65519612  0.11691418  0.69243691 -0.40593627  0.15333586  0.96734072
 -0.68334354 -0.23514869]
[-0.62939866 -0.07541937 -0.22413039  0.43101968  0.47148308  0.61906924
 -0.73946943 -0.48178384 -0.83030693 -0.89218769  0.15483617  0.52291472
  0.24438167 -0.27424939  0.47578483  0.48875374 -1.01741682  0.84308592
 -0.91879909 -0.43281617]
[ 0.22595725  0.34830328 -0.83065119 -0.17760165  0.62790665  0.22764033
  0.82751603 -0.92435766 -0.7020543  -0.00616584  0.28632012  0.19609738
  0.73372866  0.98715222  0.35353152 -0.99794051 -0.34484826 -0.68660558
  0.21416291 -0.17837538]
[ 0.14731474  0.12690903 -0.09939252  0.84548498 -0.34807404  0.32588079
 -0.84181213  0.30689599  0.0130106  -0.63600945  0.38428714 -0.22994291
  0.07162444 -0.47480151 -0.70784534 -0.26992125  0.90988533  0.17527887
 -0.32480032  0.29499339]
[-0.61099244 -0.56680727 -0.36688858  0.64976401 -0.82299577 -0.43548185
  0.3788289   0.64643391 -0.65743107  0.04604128  0.22671389  0.16134853
 -0.09785054 -0.33902192 -0.76000965 -0.05924057  0.30203669 -0.55636741
 -1.02263988 -0.03716167]
[ 0.27461159  0.68721913  0.26490548  0.74440171  0.51154443 -0.86658015
 -0.2316717   0.51096139  0.55462247 -0.8115201   0.92515966  0.08738898
  0.22678356 -1.00493974  0.6856168   0.02292144  0.7983787   0.63354239
  0.51229988 -0.27221356]
[ 0.61299548 -0.01670328  0.65160988  0.39713895 -0.40263386  0.10917756
  0.22204609 -0.23204989  0.62356746 -0.11783345 -0.90710719  0.38668367
  0.04637198  0.39140978  0.35275691  0.66519467 -0.08181652  0.48368121
  0.49818217  0.58528523]
[ 0.22599181 -0.60323792  0.31767401 -1.10436616 -0.1378852  -0.03057813
 -0.67235248  0.55546195  0.53322404  0.37076264 -0.28534567  0.59484833
  0.87490094 -0.81124042 -0.41275023  0.69175436  0.56976212  0.83032326
  0.76149168  0.16738496]
[-0.29199214  0.93743864  0.24569695 -0.09785529  0.84455553  0.91050882
  0.93325641 -0.64788284 -0.62921543 -0.69676922 -0.25464988 -0.12881355
  0.41234005  1.06212481  0.84906337 -0.46230472  0.33851252  0.48467553
 -0.6488255   0.16559568]
[-0.83698386  0.88663217 -0.59214293 -0.60482638 -0.04715454  0.88829061
  0.13297557 -0.1866592   1.29108616  0.55644161  0.3601932  -0.29443168
 -0.27203678 -0.8509343   0.22933723 -0.64382966  0.26212647 -0.71871972
 -0.29892684  0.74430263]
[ 0.87509325  0.83961276  1.1083309   0.12595655 -0.05547438  0.37268578
  0.48171009  0.01795742 -0.66207289  0.0470206   1.36981452 -0.1947659
 -0.04650566 -0.44510607 -0.63824367 -0.96653581 -0.18401685 -0.53216599
 -0.32380975  0.5279221 ]
[ 0.63419944  0.5727084   0.07266581  0.3253075  -0.00127885 -0.23185056
 -0.05309748  0.07618557 -0.4380816   0.71232471 -0.30686378  0.33026483
 -0.75924617 -0.63903616 -0.37085773  0.0155973   0.1974876  -0.02618899
  0.26076699 -0.29423708]
[ 0.58332666  0.02167465  1.13161287  0.11462724 -0.09334144 -0.58898296
  0.02009223  0.86576641  0.45032227 -0.3529222  -0.18055952  0.37225306
 -0.45225315 -0.8384107   0.61232564 -0.24075415 -0.02581197  0.51190092
 -0.58005433  0.15140068]
[ 0.55285372 -0.06694083  0.01326988  0.55375785 -0.10805486 -0.04801244
 -0.71414059 -0.15044988  0.40905574 -0.81659026  1.05495136 -0.14001724
 -0.14254083 -0.1232605  -0.0528988  -0.01865802  0.06384052  0.20989578
 -0.57725152  0.60936885]
[-0.80830188 -0.7962087   0.20124034 -0.127591   -0.54437641 -0.68695885
  1.07249233 -0.51412053  0.21480453  0.27830382 -0.74997628 -0.8071969
 -0.35981336 -0.98039584 -0.31423437 -0.16075934  1.0474618  -0.48016743
 -0.31527214  0.68544443]
[ 0.2005373   0.10710029 -0.61906586  0.15599017  0.21064059  0.2590865
  0.07714033 -0.39250175 -0.87209693  0.73746503 -0.83557559 -0.27973205
  0.45305676 -0.23905853  1.06709115  0.79895086  0.9664623  -0.01632304
  0.64774097 -0.39381371]
[ 0.13860798  0.25797523  0.56110446 -0.8887923  -0.55873036  0.96690484
  0.1612241   0.52693697  0.76088007  0.85511736 -0.53294824 -0.57481293
  0.69366269  0.53294496 -0.15809544 -0.28661169 -0.33280727  0.57041426
 -0.88169404  0.93307962]
[ 0.36176763 -0.4617454  -0.42144759  0.84698716 -0.16530833 -0.10327419
  0.38789034  0.10994435  0.90771752 -0.76381453  0.7281552  -0.62628813
 -0.56084404  0.80708436  0.22461947 -0.41972399 -0.10982842  0.16525772
 -0.82150781  0.02253711]
[ 0.56518679 -0.654289   -0.68066197 -0.25695612  0.8080026  -0.23328032
  1.07931867 -0.21969796 -0.3062829  -0.50256089 -1.12288114 -1.07131364
 -0.35130758 -0.55518604 -0.52404628  0.57247    -0.61469817  0.89285139
 -0.81566336  0.7279677 ]
[-1.0978618   0.65566788  0.59772795 -0.00220252 -0.53141834  0.62747335
 -0.87860814  0.29626599 -0.01401507 -1.23697277 -0.43995639  0.79117388
 -1.24075472 -0.24177773 -0.27381388 -0.12639238 -0.43027938  0.38251538
  0.70025447 -0.55630313]
[ 0.8932325   0.17588504  0.84713382 -0.27175595 -0.61575712  0.29807533
 -0.36622419  0.45313068  0.04681272  0.22452938  0.01609476 -0.2701983
 -0.75367939 -1.05237455 -0.04007028 -0.938196    0.74220928  0.65412299
 -0.13241864  0.77203791]
[ 0.49090075  0.14495926 -0.63492518  0.32990554 -0.80861168 -0.50215729
  0.70828874 -0.46156064  0.12737072 -0.44729236  0.34421277  0.51558276
  0.58075285 -0.61989245  0.91319382 -0.31597919 -0.34442333 -0.56311616
  0.05456118  0.81589103]
[-0.69255148  0.6990036   0.3796351   0.9204903  -0.33460851  0.25238837
 -0.18368741 -0.46787927  1.0106646  -0.63012288 -0.08889475 -0.12040141
  0.47676969 -0.73723758  0.26780026 -1.09579429 -0.22338698 -0.69429377
 -0.57923796  0.70357916]
[-1.00883535  0.64649297  0.48131387  0.8107945   0.45191524  0.50359542
  0.48339799  0.74251405 -0.04877537 -1.02908429  0.36379559 -0.85892373
  0.2821042   0.03826092  0.22314634  0.00558645  0.4963557  -0.02426481
  0.46614035 -0.92724088]
[-0.10097272  0.83185549  0.94933507 -0.29273017  0.30810851  0.89693497
  0.49008816 -0.41789166  0.15218837 -0.24934924  0.77575421  0.11490446
 -0.73329031 -0.20718782  0.72725721 -0.26634163 -0.61848037  0.17649926
  0.42506064 -0.3015546 ]
[-0.25762441  0.85322837 -0.80512072 -0.9709917  -0.2053124  -0.84638352
  0.24301746 -0.46164041  0.57888927  0.0616977  -0.50761747  0.56381147
  0.65489068  0.02678543  0.20702212 -0.72169232  0.377714   -0.10098369
 -0.92274079  0.92595652]
[-0.17698938 -0.57310172  0.83986911  0.3607424   1.01222475  1.06345288
 -0.43365013 -0.68209422  0.41278326  0.65705089 -0.76966379 -0.02590284
 -0.72493796 -0.61605226 -0.36442264 -0.56087147 -0.36643126 -0.66707575
  0.65773637  0.92640902]
[ 1.08718047 -0.74223439 -0.39915979  0.68679125 -0.54141492  0.72176293
 -0.7753633   0.17537823  0.01074359 -0.23904802 -0.78480888  0.94797651
 -0.10994639  0.3393693  -0.86401144  0.24105247  0.40876426 -0.81421181
  0.38617967 -0.47883946]
[-0.76320851 -0.2518495  -0.59747851  0.99280271  0.41111563 -0.4708742
  0.93273717  0.24736972 -0.36102746 -0.28807082  0.14747783 -0.65514885
  0.82385676 -0.60905307 -0.4163073   0.55088787 -0.69598263 -0.01355463
  0.35346157  0.51856252]
[ 0.04016607  0.0118027  -0.45877472  0.88650897  0.10116269  0.61343578
 -0.31851286 -0.68002529 -0.89621725 -0.20267386 -0.69496471  0.22511268
 -0.8189164  -0.18065933 -0.59317317 -0.0823356   0.05667861 -0.23145237
 -1.0943541   0.00147766]
[ 0.05201362  0.67480753  0.02568899  0.00265094 -0.05831424  0.55968315
  1.20869298  0.01166481 -0.65834782  0.74989017 -0.10762352 -0.73849728
 -0.84693982 -0.88587432 -0.34202005  0.1301392   0.32423365 -0.57596609
  0.90856751 -0.6150842 ]
[ 0.63065303  0.42402052 -0.55103677 -0.88230555  0.93089609 -0.4145616
  0.05147748  0.69956447 -0.07997943  0.67279154 -0.90245141 -0.59225335
 -0.01990425  0.0523873   0.65268699  0.76182182  0.71498512 -0.73380642
 -0.76627881 -0.17705738]
[ 0.86373687  0.52136811 -0.10544432  0.00348788 -0.41565587  0.34477747
 -0.49232078 -0.93478008 -0.39878688  0.1149409   0.22544497 -0.14781365
 -1.21796456 -0.50689571  0.40566107 -0.72757757 -0.60857989  0.14167536
  0.1681872   0.79397715]
[-0.02879934 -0.27377501 -0.1180541   0.01940115 -0.8883567   0.20919755
  0.82320945 -0.86037139  0.3680079   0.75736005  0.87863944 -0.7245928
  0.99651883 -0.33620739 -0.69951281 -0.89414166  0.14756166  0.13909224
  0.36180718  0.92216648]
[-0.55879268 -0.01798205  0.44238888  0.0203418  -0.11984414 -0.26637288
  0.37555691 -0.47824949  0.75792759  0.72602733 -0.19974012  0.0862934
 -0.47626768  0.95859532 -0.33710845  0.03856486 -0.68212368  0.20645002
 -0.76892048  0.01315536]
[-1.04600303  0.12660074  0.86496579  0.57552022 -0.32299003 -0.54794396
  0.6833417  -0.6607154   0.10064445  0.87462681 -0.97431758 -0.24155362
 -0.71247085  0.23325452 -0.57022241 -0.33834352  0.55717829  0.4153086
 -0.81385812  0.66215646]
[ 0.38956279  0.95036002 -0.07152491  0.1778108  -0.81714789 -0.88899006
 -0.60292892 -0.52444857  0.28967938  0.06422329  0.58340306  0.11554782
  0.99284869 -0.10540874  0.82002001  0.79220663 -0.54047017 -0.3780263
 -0.73789928  0.03768184]
[-0.30949562 -0.53158377 -0.2129114  -0.39441371  0.29148928 -0.03874299
  0.01417744  0.16283755 -0.54137109  0.60418047  0.36284072 -0.29903025
  0.22081524 -0.56393228 -0.27791796  0.92371253  0.78962928  0.41503945
 -0.69712792  0.4405181 ]
[ 0.67454894  0.89761264 -0.11743003  0.64837686 -0.6201581  -0.61817769
 -0.12811742  0.37289854 -0.1702546   0.64223279 -0.11910462 -0.21687697
 -0.24431264 -0.74327433 -0.68486371  0.37894587  0.66020411 -0.70826106
  0.42468493  0.54921221]
[ 0.58718047 -0.53223439 -0.21915979 -0.75320875 -0.19141492  0.89176293
  0.1246367   0.75537823  0.39074359  0.58095198  0.14519112  0.75797651
  0.72005361 -0.3006307  -0.24401144  0.00105247  0.14876426  0.71578819
  0.59617967  1.01116054]
[-0.81316633  0.51776033 -0.17922321 -0.15321017 -0.15790742  0.85609539
  0.34453126  0.64538872 -0.23552365  0.61094266 -0.34477437 -0.71248456
  0.08001535 -0.53084284 -0.67930167  0.7909742  -0.06113107  0.70700461
  0.296177    0.5268852 ]
[-0.59968185 -0.5754349  -0.5645777   0.33996052  0.38209318  0.31481991
  0.14910703  0.60549791 -0.11458735 -0.0227364  -0.82699151  0.04288458
 -0.64888448  0.58233968 -0.80258935 -0.02824975  0.24115496  0.37560239
 -0.14259443 -0.31911745]
[-0.86036039  0.66877207  0.26897292 -0.90121333 -0.41314211  0.52260948
  0.93035853  0.91713321 -0.26921634 -0.87627695 -0.06316324  0.94175417
  0.34399995  0.84127271  0.33856391  0.46602675  0.2937187  -0.44675948
  0.20945721 -0.86317338]
[ 0.60309318 -0.06110066 -0.01288636  0.27642885  0.7671498  -0.64077494
  0.75727396  0.52366655  0.20719919 -0.48914707 -0.50805956 -0.30645576
 -0.93145007  0.26025913  0.58559288 -0.0783556  -0.78680843  0.45627959
 -0.69022854  0.13221838]
[ 0.53056146 -0.17033779  0.31012486 -0.96945642  0.63420526  0.71647469
  0.54613662  0.30180298  0.38966798 -0.39772424  0.46762792  0.67963932
 -0.53039499 -0.33697145 -0.5294651   0.15538831 -0.77132745  0.44158813
 -0.9225249   0.24372994]
[ 0.17269129  0.4306128   0.22195288 -0.52555781  0.38210319  0.07533407
  0.50094411  0.0095636  -0.40567845 -0.38439073  0.25353388 -0.05392822
 -0.26942829  0.69586441 -0.82297598  0.04038375  0.15555374 -0.3204818
  0.60393922 -0.37905263]
[-0.17171171  0.48554229  0.38395613  0.43001896 -0.05713492  0.3215154
  0.88232682 -0.91790134  0.64093865  0.49597154  0.83759941  0.64246181
  1.12698625 -0.39222184  1.16704744  0.06519399  0.89096223 -0.08705292
  0.45875078 -0.65321349]
[ 0.39207402 -0.2980781  -0.6398838   0.51112369  0.47343018  0.00291906
  0.62986604  0.03225939  0.61767798 -0.30052839 -0.1899106  -0.62797401
 -0.17016802 -0.01564734  0.53329012 -0.22897493  1.01170456 -1.09486473
  0.10899578 -0.45844704]
[-0.45160422  0.91294094 -0.80086882 -0.45809374 -1.05595017 -0.38275454
 -0.23633464  0.11530106 -0.35471166  0.65565187 -0.05476045 -0.18932284
 -0.38241532  0.49948276  0.27530374  0.46675957  0.00759826 -0.44733158
  0.00766548 -0.54996345]
[ 8.67524516e-02  1.14166094e+00  5.60316332e-01  1.56821740e-01
  5.25368831e-01 -1.97673809e-01  3.12288846e-01  5.91661512e-01
 -3.07711406e-02 -9.83838262e-01  8.70145068e-02 -9.60954125e-01
  7.84888982e-01 -9.93174199e-01 -7.89235839e-01 -2.58387633e-04
 -9.97234406e-01 -3.72661703e-01  3.52494735e-01  9.33151111e-01]
[ 0.86450558 -0.79809965 -0.06049232 -0.30580008  0.55274748 -0.73460144
 -0.32708649 -0.46201287  0.89310389  0.37829038 -0.90773088 -0.66960284
 -0.66002516 -0.84484081  0.42754424  0.86877746 -0.0172606  -0.01116064
 -0.72568763  0.342298  ]
[-0.19281953 -0.12223439  0.84084021  0.81679125 -0.71141492  0.51176293
  0.1946367  -0.86462177  0.12074359  0.27095198 -0.25480888  0.66797651
  0.05005361  0.5893693  -0.67401144  0.24105247 -0.08123574  0.11578819
 -0.53382033  0.44116054]
[-0.08316633  0.50776033  0.08077679  0.88678983  0.98209258  0.21609539
  0.61453126 -0.19461128 -0.05552365 -0.55905734  0.47522563 -0.42248456
  0.44001535  0.97915716 -0.37930167 -0.6790258  -0.72113107  0.35700461
 -0.823823    0.6468852 ]
[ 0.93392261  1.02448665 -0.24121668 -0.0632831   0.17405802 -0.2818383
  0.5846686  -0.83664268 -1.00979686  0.41582683  0.74979875 -0.48853314
 -0.92791185  0.89842735  0.9177123   0.65068562  0.54909553 -0.60060665
 -1.1288413  -0.73466084]
[-0.38303027  0.07842094 -0.2518749   0.90841318 -1.09883068  0.66887179
  0.84854358  0.22685799  0.98233472  0.90063732  0.44933087  0.41772522
  0.45909747  0.62530956 -0.62476794  0.52366526  0.50293643  0.09814522
  0.14535442 -0.91059839]
[-0.60207699 -0.70400117 -0.66872954  0.14472023  0.79245633 -0.84548283
 -0.93000083 -1.06163256  0.4037059  -0.31058733  0.72259645  0.55908487
  0.24451072  0.34794812  0.00545671  0.51354855  0.26625034  0.5918946
  0.45519392 -0.646308  ]
[ 0.49036325  0.58755356  0.62934598  0.30881506 -0.36567851 -0.31528287
 -0.58937468 -0.90212885  0.2589181   0.24862894  0.25105123 -0.01963812
  0.82957191  0.59604082  0.57680527  0.05824288  0.75983578 -0.59877822
 -0.71034936 -0.1115255 ]
[ 0.47660024  0.44037236  0.92366372  0.71918109 -0.15956419  0.85532439
 -0.68269969  0.22958146 -1.33463035 -0.84131448  0.24394102 -0.18949325
  0.61104822  0.26868725 -0.10823837  0.08055229  0.51430442 -0.27074715
 -0.23291508 -0.51862394]
[-1.05592792  0.66473288 -0.96247024  0.34585757  0.45400945 -0.47545158
  0.6366933  -0.56835177 -0.29725752 -0.22019565 -0.42445379  0.52686383
 -0.08695759  0.9969166  -0.46819055 -0.52705235 -0.68395631  0.48871243
 -0.74264029  0.32118474]
[-0.66595963 -0.75887501  0.44154663 -0.84726231 -0.3817473   0.29979953
 -0.4101119  -0.97608228 -0.60518088 -0.66278346  0.19076792 -0.22291944
  0.26098567  0.7956597   0.67288183  0.06328293  0.40881261 -1.19207509
 -0.36097075  0.38462247]
[-0.63122513 -0.36491073 -0.30966189  0.44946692 -0.70381909  0.17875096
  0.77354105 -0.04788029 -0.16612021 -0.70780406 -0.72051977  0.68314524
 -0.13701171 -0.67980001  0.2311334   0.57680182  0.69444794  0.33593005
  0.05342774 -0.33707884]
[ 0.93058753  0.9689541  -0.36555992 -0.72785253 -0.18314122 -0.61789163
 -0.21854619 -0.01163824 -0.86647876  0.79441591 -0.80342623 -1.13531053
 -0.53366399 -0.257073   -0.07891811 -0.96120941 -0.47353291 -0.21684731
  0.51967469  0.2553675 ]
[ 0.24414742 -0.52339268  0.63407209 -0.72709767 -0.75905566 -0.62217456
  0.32587794 -0.90787108  0.31550449  0.38897632 -0.30204814 -0.80998817
  0.01999817 -0.88491124  0.3879364  -0.32010853 -0.79086643 -0.06069069
  0.13460358 -0.11259966]
[ 0.02718047 -0.20223439 -0.05915979 -0.09320875  0.38858508 -0.56823707
  0.2846367  -0.53462177  0.96074359 -0.24904802  0.40519112 -0.38202349
 -0.42994639 -0.0806307   0.25598856 -0.19894753  0.40876426  1.04578819
 -0.45382033 -0.54883946]
[ 0.02538947 -0.51705149  0.86788148 -0.64796015  0.05562916  0.32450907
 -0.6682889   0.4665833  -0.86517161  1.01118102 -0.17369464  0.26681263
 -0.69639315  0.65764211  1.03897579  0.5953383   0.71115468 -0.41250014
 -0.48752189  0.27096069]
[ 0.66784819 -0.52118254  0.89625457 -0.02303496 -0.23399378  0.71814292
  0.30199297 -0.27859726  0.05221855  0.42150617 -0.48913669 -0.25042352
  0.20589112 -0.56679557 -0.01008201 -0.99525499 -0.30299135  0.09027113
 -0.71910876  0.9082998 ]
[ 0.52081221  0.31373698  0.01282184  0.77273429 -0.77537174  0.59782705
  0.52412641 -0.81146332 -0.01111414  0.68411425 -0.64333764  0.41753039
 -0.15354628  0.0411173   0.61773235 -0.48897791  0.96155103  0.52114947
  0.51054072  0.94506963]
[-0.63861005  0.23494069 -0.9885185   0.49067245  0.01935349  0.18727472
  0.49856163 -0.5415905   0.56734531  0.27140603 -0.10404832  0.44014766
 -0.8546946  -0.80693346 -0.78361807  0.17019504 -0.71213998  0.14055543
  0.21349913 -0.04258775]
[-0.70936887 -0.97264171 -0.08237486  0.15194247  0.22467619  0.87454365
  0.24860246 -0.878844    0.60260105  0.09288428 -0.69480697  0.39799926
  0.25215729 -1.08231928 -0.48283206  0.77412677 -0.85748726 -0.0127395
 -0.47222372 -0.56499556]
[ 0.14558087  0.05475531  0.70688212 -0.18830998  0.76319611  0.12493056
 -0.35897934 -0.28014642 -0.98477968 -0.61950017  0.31923306  0.10379189
  0.08556492 -0.3743555   0.42855525 -0.69656953 -0.3246782  -0.20781672
 -0.44388083  0.4450671 ]
[ 0.82718762 -0.40467531 -0.37577991  0.27729795 -0.53652881 -0.3805713
  0.59156789 -0.04284891  0.50473116 -0.03922611  0.03743728  0.3398783
  0.50531565  0.74039255 -0.2858207   0.10292926 -0.65363481  0.09983441
  0.61550597  0.23203671]
[-0.64841235 -0.05507696 -1.04640349  0.71810972 -0.76084867  0.10848138
 -0.82331564 -0.95039565 -0.68935512 -0.46185369 -0.8832937  -0.37075184
 -0.36884183 -0.38766473 -0.56850187 -0.34447243 -0.88696356 -1.17227947
  0.0213968   0.53723004]
[-0.67790711  0.65027579  0.16512839 -0.39425141 -0.15124653  0.35297612
 -0.40576811  0.53415414 -0.07234815 -0.1911243  -0.46425786  0.77599422
  0.5498978   1.34303418  0.54368009  0.69771608  0.48205537 -0.68315651
  0.71416889  0.72369766]
[-0.32977126 -0.68346045 -0.61798666  0.40576193 -0.0706514   0.90833824
 -0.25873087  0.48450223 -0.48341431  0.40791191 -0.32623364  0.06024139
  0.00794447  0.74188422  0.52687661 -0.0334434  -0.86536687  0.87635437
 -1.06636646 -0.15430278]
[ 0.37573006  0.45749282  0.09206797  0.65425661 -0.51570088 -0.07104483
 -0.81412207 -0.84529537 -1.04017671 -0.58126735  0.18582736 -0.76069798
 -0.42035353  0.31889984  1.0925337   0.71566598 -0.10758754 -0.58017644
 -0.91538387 -0.89066719]
[ 0.42718047  0.58776561 -0.26915979  0.61679125 -0.51141492  0.61176293
  1.0346367  -0.41462177 -0.93925641 -0.35904802 -0.88480888 -0.32202349
  0.51005361 -0.1406307   0.89598856 -0.37894753  0.03876426 -0.67421181
  0.41617967  0.36116054]
[-0.63211143 -0.41760186 -0.2940839  -0.12304609  0.16414212  1.08170781
  0.09097736  0.10949864 -0.50350212 -0.18110271 -0.09727985  0.43542692
  0.57411303  0.62858089  0.9304945  -0.28615298 -0.44609011 -0.38803479
  0.37294034  0.61552266]
[ 0.18305     0.7244502   1.20985792 -0.36657315 -0.5438291  -0.14098857
  0.57484966 -1.08665608 -0.49879781  0.69099567 -0.1944139  -0.26506689
  0.48485593  0.46795931 -0.76328561 -0.05156019  1.04945349 -0.42036851
 -0.66693352  0.10348262]
[ 0.05504692  0.68505957  0.73517045  0.75305832  0.40529919  0.54724325
  0.17258228  0.46267063  0.09691902 -0.86544474  0.82029023 -0.44297527
  0.53825688  0.08074769 -0.84096179 -0.81192003  0.23453332  0.77294942
 -0.06815571 -0.94255368]
[ 0.63446037 -0.8179859  -0.17064299  0.84485807 -0.51212188 -0.79402224
 -0.11050306 -0.69811325 -0.53253082  0.98601417  0.12794454 -0.87550314
  0.20207256 -0.20270546 -0.43421835  0.58398361 -0.42932249  1.05796279
  0.64610117  0.0447311 ]
[-0.7800242  -0.79899921  0.49724891  0.05820004 -0.11678518  1.19747505
  0.87351081  0.21622661 -0.12454333  0.28943149 -0.69444733 -0.53596336
 -0.98025826  0.07401977  0.40953032 -0.49352517 -0.5221505  -0.72278778
  0.56685432  0.54097445]
[-0.68298755 -0.90471718 -0.09205919 -0.5901189  -0.82506624 -0.53629799
 -0.94812524 -0.67824773  0.1341559   0.78834495 -0.8615857   0.40543276
 -0.82152375 -0.95873432  0.75448029 -0.30921738 -0.44034234 -0.61776212
  0.22252181 -0.64830495]
[ 0.2481176  -0.67247463 -0.48494283 -0.48889109  0.76537597  1.03099388
 -0.94569935 -0.06806    -0.1488938   0.07950438 -0.47261369 -0.52822064
 -0.08910237 -0.34076616 -0.1915097   0.47687513 -0.23100327  0.25469628
 -0.4795733   0.78054238]
[-0.6494301  -0.24185683 -0.54412134 -0.90841422 -0.50046366  0.35643048
  0.05092514  0.36967244 -0.8576933  -0.13024815  0.51039317 -0.34626794
  0.74773683  0.84628279  0.88226819  0.13240693  0.92075172 -0.24101559
  0.16637624  0.25390195]
[ 0.40673692  0.59319263  0.56986698 -0.92400049  0.03309494  0.38264168
 -0.55512493 -0.48501233  0.43386415  0.02929753  0.10897878 -0.84226452
 -0.59914506  0.92421556  0.47316798  0.94209192  0.5366227   0.2585058
 -0.81730246  0.46829083]
[ 0.10457612 -0.10778109  0.72329736 -0.97796572 -0.64137417 -0.21740377
 -0.38591794 -0.28298305 -0.69009537 -0.10504854  0.8196359   0.57340554
 -0.26449419 -0.18299374  0.15964501  0.50735701 -0.190782    0.50262344
  0.72811351  0.17058704]
[ 0.59509955  0.85235827 -0.36969989 -1.02872479 -0.94238177  0.90735114
  0.69585897 -0.78930874 -0.80180279 -0.19778396  0.68297851 -0.42660633
  0.89765589  0.58491481  1.00333415  0.07696429 -0.64539156  0.44417493
  0.33459772  0.87701416]
[ 0.87718047 -0.73223439 -0.20915979 -0.35320875 -0.06141492  0.88176293
  0.1346367  -0.71462177 -0.96925641  1.02095198 -0.62480888 -0.68202349
  0.06005361 -0.7106307   0.81598856 -0.69894753 -0.82123574  0.81578819
  0.52617967  0.74116054]
