[-0.26422616 -0.98114724 -0.16238244 -0.74170789  0.35200788  0.21504492
 -0.7276795  -0.51751928 -0.18024313  0.26507354 -0.51281369 -0.6801361
 -0.38028007 -0.53726506 -0.48644629 -0.39562407 -0.44203221 -0.06169836
 -0.17287885 -0.2244544  -0.76931126 -0.96283801 -0.41954611 -1.34799129
 -0.99329609 -1.21095805]
[-0.27738998  0.18684279 -0.11485016  0.7208282   0.0531608   0.69192599
  1.00761771  0.10585196  0.1779111   0.6926301   0.08028824  0.6093511
 -1.93056777 -0.92501645 -0.17633924  0.39226116  0.99639356  0.00206748
 -1.1808377  -0.80325079 -0.42085954  0.37005891 -1.23273184 -0.04915379
 -0.03361425  0.60143747]
[-0.50714249 -0.22780891  0.67849526 -0.50380121  0.5512815  -0.52583752
  0.29763218 -1.39633989 -0.93784658 -0.44862511  0.50961508 -0.67816959
 -1.3068928   0.55004194  0.17551864 -1.24813977  0.00952875  0.49121882
 -0.8422066  -0.77679361 -0.41522756 -1.56553097  1.35226883 -0.77252242
 -1.40273587 -0.12721896]
[-0.8125315   0.153764    0.08851398 -0.52828604 -0.3483632   0.29560316
 -0.71560622 -0.66529263  0.10048055 -1.36740189 -0.6568637  -0.36289608
 -0.42563005  0.12029103 -0.61284561  0.08439529  0.24552699 -0.9201897
  0.00865872 -0.6275854  -0.03788508 -0.10516858 -1.59743321 -0.35327031
  0.21714155 -0.01473905]
[ 0.1635365  -0.80320917 -1.2629319  -0.18892832 -0.46577404 -0.06760885
  0.65716016  0.90857839  0.40672386 -0.47772463 -0.67252643  0.09101305
 -0.14729078  1.10767352  0.00726856 -1.02976586 -1.4113736  -0.66203431
  0.28792513 -0.7413844  -0.47979049 -1.98261669 -0.55569829  0.21353355
 -0.00444508  0.54293354]
[ 0.55454241 -1.20477703 -0.67974374 -1.09776114 -1.03990917 -0.76282108
 -0.71481101  0.23680726 -1.48939766 -0.79806284  0.34879179 -0.13170754
 -0.01162229  0.18351306  0.21799768  0.09050252 -0.5841884  -1.37582426
 -0.28993713 -1.24555774  0.20649289 -0.23482267  0.11584072 -0.84354014
 -1.25193311 -0.83364844]
[-0.1002767  -0.36051838 -0.53109023 -0.98433387 -0.03674171 -0.32744961
 -0.38345113 -0.69936879 -0.39149106  0.37309453 -0.90773878 -1.08224845
 -0.29235373 -0.78958173  0.50357084 -0.31152237 -0.52451896 -0.00952412
 -0.71785109 -0.21210994  0.54117007  0.20819876 -1.53556089  0.80883551
 -0.76757993  0.19527981]
[-0.77163572  0.52091928  0.29516358 -0.34526666  0.02209775 -0.34409251
 -0.18596147 -0.03098241 -0.02976432 -0.33999919 -0.19186688  0.29857212
  0.10304363 -0.15353892  0.47891948 -1.12934695  0.06192555 -0.65541931
  0.77014551 -0.97402464 -0.72782344 -0.04405319  0.01116393  1.89818906
 -1.00208228 -0.38638627]
[ 0.5517559   0.28484857  0.36574017 -0.7125998   0.18092536 -0.39095256
 -0.17352092  0.06131752  0.35445439 -0.69377386  0.53626339 -0.74865561
  1.97309934  0.39716471 -0.24757756  0.10693079  0.76064608 -0.85822965
 -0.2159526  -0.64621765 -0.67865413  0.38262768 -0.44481282 -0.43443244
 -0.04034979  0.1045201 ]
[-0.23699801 -1.32404676  0.07107332  0.42482662 -1.72732867 -0.97117136
 -1.3352868  -0.61700985 -0.83757672 -1.28298431 -0.70028401 -0.2666353
  0.2040842  -0.372458   -0.68383932 -0.05988406  0.80570726 -0.70298819
 -0.12757663  0.42708258 -1.00614996  0.09804714 -0.0649108  -0.49315786
 -0.7446941  -1.48039824]
[-1.09668092 -0.22800387  0.67361306 -0.78562866  0.43375204 -0.58156505
  0.83788563  0.40135319  0.17216126 -1.36308507 -0.32734833  0.50093431
  0.92405371  0.50962676  0.38083317 -1.00411802 -1.38474184  0.05982787
  0.05510806 -0.30511165 -0.27696296  1.09399724 -0.88176256 -0.90262839
 -1.01749064 -1.55376297]
[-0.7063467  -0.69471275  0.5273156   0.64014575 -0.8868599  -0.1087307
 -0.03082239  0.26745113 -0.45751282 -0.02688715 -0.67666116 -0.62265609
  0.30345012 -0.25047203 -0.78586668 -0.6894585  -0.23096237 -0.48542106
 -0.99750467  0.25327204  0.67456734 -0.16757719 -0.00376278 -0.9483208
  0.19470483 -0.26664376]
[-0.19905181 -0.34868618 -0.69055592 -1.21367136 -0.19311165  0.27741061
  0.60232898  0.22861818 -0.7666143  -0.01157015 -0.39963712  0.46170781
 -0.12746264 -2.01435254 -0.05415725  0.7745381  -1.75910221  0.25842036
 -1.23881048 -0.67384936 -1.10762426 -0.03807432  0.80437913 -1.77071626
 -1.40099734 -0.20755842]
[-0.74693166 -0.14328092 -0.67228648 -0.35676546  0.64153226  0.03038038
 -1.297494   -0.95030287  0.16024668 -1.14515181 -0.26402137 -0.18909667
  0.10131976 -0.60880224  0.665159    0.65696894 -0.41059083 -1.43626999
 -0.87564754 -0.49297401  0.09561412 -0.15793219 -0.46891363 -1.26237159
  0.95325341  0.6314001 ]
[-0.16085169  0.44452887  0.43267243 -0.47435351 -0.60163349 -0.56137302
 -0.76850517 -0.72476975 -0.86456887 -0.05995078 -0.78307217 -0.57273913
 -0.87342797 -1.74955431 -0.11255425  0.40396371 -0.85530931  0.1909922
  0.43895251  0.02825979 -0.61604246 -0.57492693 -0.34090924  0.33831789
  0.65926854  0.43019428]
[-0.00387157  0.25642798 -1.13606058  0.48564101  0.32694088  0.3410026
 -0.61022658 -1.1057194  -0.32333423  0.51818992 -0.89722188 -0.74547041
 -0.08613756 -0.0659313  -1.56119506 -0.62468583 -1.83785126 -0.78399831
 -1.35792731  0.13335689 -0.54767874  0.27671724  0.31346097  0.90109329
  0.54700105 -0.27505286]
[-1.7221885  -0.75559571 -0.41998649 -0.37742227 -0.98822072 -0.60586398
 -0.53267673  0.26751551 -0.88621855 -0.31398934 -0.71066536 -1.05028885
  0.47479587 -0.16169095 -0.76346724 -0.10465723  0.11205814  0.32550584
  0.1582139  -0.54432224 -0.12470464 -1.39094691 -0.62243893  0.59807991
  0.10248012 -0.39213897]
[ 0.13293966  0.01940748 -1.08129979 -0.46765314 -0.39332354 -0.79677897
  0.20985102 -0.77267012 -0.38305235  0.39221909 -0.6299781  -0.92552812
 -1.06509642 -0.19449774 -1.12821472 -1.89863353  0.74328107 -1.08259893
 -1.40755535 -1.05895849 -0.67958507  0.09374507  0.68378284  0.28629184
 -0.13894568 -0.75311744]
[-0.68916437 -0.2841236  -0.19873345 -0.06843852 -0.879403    0.19149847
 -1.01689008 -0.09988171 -0.47776293 -0.84929801 -0.07113635  0.44719574
  0.47255444 -0.85825386  0.37278257 -0.00741769 -0.57698038 -0.76856672
  0.25264482 -1.05392891  0.58414725 -1.04858826  0.79506471 -0.28257789
 -0.52657326  0.65314875]
[-0.21078337 -0.32835449 -0.50764659 -0.87596396 -0.55387821 -1.32139372
 -0.88699742 -0.25757467 -0.20650017 -0.60457325 -0.33458443 -0.95328966
 -1.37143939 -0.55130117 -1.08345944 -1.13887418 -0.77988649  0.17425012
 -1.40904455  0.5506018  -0.53612743 -0.12815066 -1.48446554 -1.39090333
  0.15417244 -0.389517  ]
